>> taquimetria(100,1.460,1.230,1,[191 53 55],[90 53 50],1.415)
Los valor de az y av están en DMS: (1) Sí y (2) No: 
1

sw =

     1


dms =

   191    53    55
    90    53    50


angleInDegrees =

   1.0e+02 *

   1.918986111111111
   0.908972222222222

El valor de la DH es 45.988721: 
El valor de la V es -0.720218: 
El valor de la DV es -0.535218: 
El valor de la DV es 441.339782: 
Ingrese el valor de la coordenada anterior: 
221652.208

E =

     2.216522080000000e+05

El valor de la E1 es 221642.726024: 
Ingrese el valor de la coordenada anterior: 
9736604.906

N =

     9.736604905999999e+06


N1 =

     9.736559905393591e+06

El valor de la E1 es 9736559.905394: 
           E1                  N1                  DH                   V                     DV            DI         Elev1      
    ________________    ________________    ________________    __________________    __________________    __    ________________

    221642.726024126    9736559.90539359    45.9887208308271    -0.720218412912113    -0.535218412912112    46    441.339781587088


ans =

     2.216427260241263e+05

>> taquimetria(100,1.440,1.220,1,[192 34 5],[91 4 35],1.415)
Los valor de az y av están en DMS: (1) Sí y (2) No: 
1

sw =

     1


dms =

   192    34     5
    91     4    35


angleInDegrees =

   1.0e+02 *

   1.925680555555556
   0.910763888888889

El valor de la DH es 43.984473: 
El valor de la V es -0.826413: 
El valor de la DV es -0.631413: 
El valor de la DV es 441.243587: 
Ingrese el valor de la coordenada anterior: 
221642.726024126

E =

     2.216427260241260e+05

El valor de la E1 es 221633.155042: 
Ingrese el valor de la coordenada anterior: 
9736559.90539359

N =

     9.736559905393589e+06


N1 =

     9.736516974866537e+06

El valor de la E1 es 9736516.974867: 
           E1                  N1                  DH                   V                     DV            DI         Elev1     
    ________________    ________________    ________________    __________________    __________________    __    _______________

    221633.155042485    9736516.97486654    43.9844727433746    -0.826412848290259    -0.631412848290259    44    441.24358715171


ans =

     2.216331550424847e+05

>> taquimetria(100,1.384,1.192,1,[167 2 20],[91 47 0],1.415)
Los valor de az y av están en DMS: (1) Sí y (2) No: 
1

sw =

     1


dms =

   167     2    20
    91    47     0


angleInDegrees =

   1.0e+02 *

   1.670388888888889
   0.917833333333333

El valor de la DH es 38.362811: 
El valor de la V es -1.194430: 
El valor de la DV es -0.971430: 
El valor de la DV es 440.903570: 
Ingrese el valor de la coordenada anterior: 
221633.155042485

E =

     2.216331550424850e+05

El valor de la E1 es 221641.759424: 
Ingrese el valor de la coordenada anterior: 
9736516.97486654

N =

     9.736516974866539e+06


N1 =

     9.736479589442845e+06

El valor de la E1 es 9736479.589443: 
           E1                  N1                  DH                   V                    DV             DI          Elev1      
    ________________    ________________    ________________    _________________    __________________    ____    ________________

    221641.759424372    9736479.58944285    38.3628113197776    -1.19442970601169    -0.971429706011691    38.4    440.903570293988


ans =

     2.216417594243721e+05

>> taquimetria(100,1.675,1.638,1.6,[144 43 40],[92 0 5],1.415)
Los valor de az y av están en DMS: (1) Sí y (2) No: 
1

sw =

     1


dms =

   144    43    40
    92     0     5


angleInDegrees =

   1.0e+02 *

   1.447277777777778
   0.920013888888889

El valor de la DH es 7.490853: 
El valor de la V es -0.261768: 
El valor de la DV es -0.484768: 
El valor de la DV es 441.390232: 
Ingrese el valor de la coordenada anterior: 
221641.759424372

E =

     2.216417594243720e+05

El valor de la E1 es 221646.085106: 
Ingrese el valor de la coordenada anterior: 
9736479.58944285

N =

     9.736479589442849e+06


N1 =

     9.736473473778673e+06

El valor de la E1 es 9736473.473779: 
           E1                  N1                  DH                   V                     DV            DI          Elev1      
    ________________    ________________    ________________    __________________    __________________    ___    ________________

    221646.085106154    9736473.47377867    7.49085250199319    -0.261768138495231    -0.484768138495231    7.5    441.390231861505


ans =

     2.216460851061542e+05

>> taquimetria(100,1.668,1.634,1.6,[158 23 0],[99 2 50],1.415)
Los valor de az y av están en DMS: (1) Sí y (2) No: 
1

sw =

     1


dms =

   158    23     0
    99     2    50


angleInDegrees =

   1.0e+02 *

   1.583833333333333
   0.990472222222222

El valor de la DH es 6.631856: 
El valor de la V es -1.055986: 
El valor de la DV es -1.274986: 
El valor de la DV es 440.600014: 
Ingrese el valor de la coordenada anterior: 
 221646.085106154

E =

     2.216460851061540e+05

El valor de la E1 es 221648.528249: 
Ingrese el valor de la coordenada anterior: 
9736473.47377867

N =

     9.736473473778671e+06


N1 =

     9.736467308345422e+06

El valor de la E1 es 9736467.308345: 
           E1                  N1                  DH                   V                   DV                   DI                Elev1      
    ________________    ________________    ________________    _________________    _________________    ________________    ________________

    221648.528248694    9736467.30834542    6.63185589406695    -1.05598649611848    -1.27498649611848    6.79999999999998    440.600013503882


ans =

     2.216485282486936e+05

>> taquimetria(100,1.659,1.629,1.6,[155 8 5],[92 21 5],1.415)
Los valor de az y av están en DMS: (1) Sí y (2) No: 
1

sw =

     1


dms =

   155     8     5
    92    21     5


angleInDegrees =

   1.0e+02 *

   1.551347222222222
   0.923513888888889

El valor de la DH es 5.890069: 
El valor de la V es -0.241861: 
El valor de la DV es -0.455861: 
El valor de la DV es 441.419139: 
Ingrese el valor de la coordenada anterior: 
221648.528248694

E =

     2.216485282486940e+05

El valor de la E1 es 221651.004940: 
Ingrese el valor de la coordenada anterior: 
9736467.30834542

N =

     9.736467308345420e+06


N1 =

     9.736461964292083e+06

El valor de la E1 es 9736461.964292: 
           E1                  N1                  DH                   V                     DV                   DI                Elev1      
    ________________    ________________    ________________    __________________    __________________    ________________    ________________

    221651.004940372    9736461.96429208    5.89006856880951    -0.241861139289361    -0.455861139289361    5.89999999999999    441.419138860711


ans =

     2.216510049403719e+05

>> taquimetria(100,1.574,1.537,1.5,[133 9 15],[92 38 40],1.415)
Los valor de az y av están en DMS: (1) Sí y (2) No: 
1

sw =

     1


dms =

   133     9    15
    92    38    40


angleInDegrees =

   1.0e+02 *

   1.331541666666667
   0.926444444444444

El valor de la DH es 7.384248: 
El valor de la V es -0.341057: 
El valor de la DV es -0.463057: 
El valor de la DV es 441.411943: 
Ingrese el valor de la coordenada anterior: 
221651.004940372

E =

     2.216510049403720e+05

El valor de la E1 es 221656.391867: 
Ingrese el valor de la coordenada anterior: 
9736461.96429208

N =

     9.736461964292079e+06


N1 =

     9.736456913734376e+06

El valor de la E1 es 9736456.913734: 
           E1                  N1                  DH                   V                     DV                   DI                Elev1      
    ________________    ________________    ________________    __________________    __________________    ________________    ________________

    221656.391867083    9736456.91373438    7.38424759214318    -0.341056710514925    -0.463056710514925    7.40000000000001    441.411943289485


