Ingrese el valor de DI: 
46

h =

    46

Ingrese el valor de DH: 
45.9887208308271

dh =

   45.9887

Ingrese el valor de ha: 
455.17228

j =

  455.1723

Ingrese el valor de hb: 
454.87457

k =

  454.8746

Ingrese el valor de Rm: 
6371008.714

l =

   6.3710e+06


d =

  -0.297709999999995


lo =

  45.995751547056194


so =

      1.146781568520000e+09 - 1.423319094912818e+10i


kh =

      2.493614842514365e+07 - 3.094930820425735e+08i

           <strong>lo</strong>                         <strong>so</strong>                                   <strong>kh</strong>                
    <strong>________________</strong>    <strong>_______________________________</strong>    <strong>__________________________________</strong>

    45.9957515470562    1146781568.52-14233190949.1282i    24936148.4251436-309493082.042574i


Re =

  45.995751547056194

Ingrese el valor de az: 
[176 36 10]

e =

   176    36    10

Ingrese el valor de la latitud: 
[-2,22,52.53532]

m =

  Column 1

  -2.000000000000000

  Column 2

  22.000000000000000

  Column 3

  52.535319999999999

Ingrese el valor de so: 
1146781568.52-14233190949.1282i

n =

      1.146781568520000e+09 - 1.423319094912820e+10i

Ingrese el valor de h: 
455.17228

o =

     4.551722800000000e+02

Ingrese el valor de n: 
11.44428		

p =

  11.444279999999999

Es un placer hacer los cálculos por usted ingeniero mi nombre es geodesiccomputs - Cálculos Geodésicos
Fui programado por el estudiante Paul Ismael Escobar Córdova
El valor del azimut y de la latitud están en DMS: (1) Sí o (2) No: 
1

Op =

     1


dms =

   1.0e+02 *

   1.760000000000000   0.360000000000000   0.100000000000000
  -0.020000000000000   0.220000000000000   0.525353200000000


angleInDegrees =

   1.0e+02 *

   1.766027777777778
  -0.023812598111111

El valor de Az1 es: 176.60278'
El valor de fi1 es: -2.38126'
----------------------------------------------
Calculamos el valor del radio del Paralelo----------------------------------------------
El valor de N es: 6378173.85498'
--------------------------------------------------------
Calculamos el valor del Azimut corregido al Elipsoide--------------------------------------------------------
El valor del azimut es: 84233450786.89784'
          <strong>Az1</strong>                  <strong>fi1</strong>                  <strong>N</strong>                          <strong>azimut</strong>              
    <strong>________________</strong>    <strong>_________________</strong>    <strong>________________</strong>    <strong>__________________________________</strong>

    176.602777777778    -2.38125981111111    6378173.85498235    84233450786.8978-1045456972584.21i


Caz =

      8.423345078689784e+10 - 1.045456972584215e+12i

Ingrese el valor de la latitud: 
[-2,22,52.53532]

m =

  -2.000000000000000  22.000000000000000  52.535319999999999

Ingrese el valor de longitud: 
[-77,14,1.16754]

q =

 -77.000000000000000  14.000000000000000   1.167540000000000

Ingrese el valor de az: 
84233450786.8978-1045456972584.21i

e =

      8.423345078689780e+10 - 1.045456972584210e+12i

Los valores de las coordenadas geodésicas están en geodésicos decimales o en sexagésimales: (1) Sí, (2) No: 
1
Error using <a href="matlab:matlab.internal.language.introspective.errorDocCallback('vertcat')" style="font-weight:bold">vertcat</a>
Dimensions of arrays being concatenated are not consistent.

Error in <a href="matlab:matlab.internal.language.introspective.errorDocCallback('pdirectogeodesia', 'C:\Users\Usuario\Desktop\FOLDER''S\UNIVERSIDAD\IV SEMESTRE\GEODESIA\I PARCIAL\PROGRAMAS_GEODESIA\I PARCIAL\pdirectogeodesia.m', 19)" style="font-weight:bold">pdirectogeodesia</a> (<a href="matlab: opentoline('C:\Users\Usuario\Desktop\FOLDER''S\UNIVERSIDAD\IV SEMESTRE\GEODESIA\I PARCIAL\PROGRAMAS_GEODESIA\I PARCIAL\pdirectogeodesia.m',19,0)">line 19</a>)
           dms=[latitud;longitud;azimut]

Error in <a href="matlab:matlab.internal.language.introspective.errorDocCallback('reduccioneselipsoide', 'C:\Users\Usuario\Desktop\FOLDER'S\UNIVERSIDAD\IV SEMESTRE\GEODESIA\I PARCIAL\PROGRAMAS_GEODESIA\I PARCIAL\reduccioneselipsoide.m', 51)" style="font-weight:bold">reduccioneselipsoide</a> (<a href="matlab: opentoline('C:\Users\Usuario\Desktop\FOLDER'S\UNIVERSIDAD\IV SEMESTRE\GEODESIA\I PARCIAL\PROGRAMAS_GEODESIA\I PARCIAL\reduccioneselipsoide.m',51,0)">line 51</a>)
Pd=pdirectogeodesia(m,q,e)

clc
taquimetria(100,1.460,1.230,1,[191 53 55],[90 53 50],1.415)
Los valor de az y av están en DMS: (1) Sí y (2) No: 
1

sw =

     1


dms =

   191    53    55
    90    53    50


angleInDegrees =

   1.0e+02 *

   1.918986111111111
   0.908972222222222

El valor de la DH es 45.988721: 
El valor de la V es -0.720218: 
El valor de la DV es -0.535218: 
El valor de la DV es 441.339782: 
Ingrese el valor de la coordenada anterior: 
{Operation terminated by user during <a href="matlab:matlab.internal.language.introspective.errorDocCallback('taquimetria', 'C:\Users\Usuario\Desktop\FOLDER''S\UNIVERSIDAD\IV SEMESTRE\GEODESIA\I PARCIAL\PROGRAMAS_GEODESIA\I PARCIAL\taquimetria.m', 24)" style="font-weight:bold">taquimetria</a> (<a href="matlab: opentoline('C:\Users\Usuario\Desktop\FOLDER''S\UNIVERSIDAD\IV SEMESTRE\GEODESIA\I PARCIAL\PROGRAMAS_GEODESIA\I PARCIAL\taquimetria.m',24,0)">line 24</a>)
} 
clc
taquimetria(100,1.460,1.230,1,[191 53 55],[90 53 50],1.415)
Los valor de az y av están en DMS: (1) Sí y (2) No: 
1

sw =

     1


dms =

   191    53    55
    90    53    50


angleInDegrees =

   1.0e+02 *

   1.918986111111111
   0.908972222222222

El valor de la DH es 45.988721: 

DI =

    46

El valor de la DI es 46.000000: 
El valor de la V es -0.720218: 
El valor de la DV es -0.535218: 
El valor de la Elevación es 441.339782: 
Ingrese el valor de la coordenada anterior: 
{Operation terminated by user during <a href="matlab:matlab.internal.language.introspective.errorDocCallback('taquimetria', 'C:\Users\Usuario\Desktop\FOLDER''S\UNIVERSIDAD\IV SEMESTRE\GEODESIA\I PARCIAL\PROGRAMAS_GEODESIA\I PARCIAL\taquimetria.m', 25)" style="font-weight:bold">taquimetria</a> (<a href="matlab: opentoline('C:\Users\Usuario\Desktop\FOLDER''S\UNIVERSIDAD\IV SEMESTRE\GEODESIA\I PARCIAL\PROGRAMAS_GEODESIA\I PARCIAL\taquimetria.m',25,0)">line 25</a>)
} 
clc
taquimetria(100,1.460,1.230,1,[191 53 55],[90 53 50],1.415)
Los valor de az y av están en DMS: (1) Sí y (2) No: 
1

sw =

     1


dms =

   191    53    55
    90    53    50


angleInDegrees =

   1.0e+02 *

   1.918986111111111
   0.908972222222222

El valor de la DH es 45.988721: 
El valor de la DI es 46.000000: 
El valor de la V es -0.720218: 
El valor de la DV es -0.535218: 
El valor de la Elevación es 441.339782: 
Ingrese el valor de la coordenada anterior: 
{Operation terminated by user during <a href="matlab:matlab.internal.language.introspective.errorDocCallback('taquimetria', 'C:\Users\Usuario\Desktop\FOLDER''S\UNIVERSIDAD\IV SEMESTRE\GEODESIA\I PARCIAL\PROGRAMAS_GEODESIA\I PARCIAL\taquimetria.m', 25)" style="font-weight:bold">taquimetria</a> (<a href="matlab: opentoline('C:\Users\Usuario\Desktop\FOLDER''S\UNIVERSIDAD\IV SEMESTRE\GEODESIA\I PARCIAL\PROGRAMAS_GEODESIA\I PARCIAL\taquimetria.m',25,0)">line 25</a>)
} 
reducciones(46,45.988721,455.17228,454.87457)

d =

  -0.297709999999995


lo =

  45.995751547056194


so =

      1.146781568520000e+09 - 1.423319094912818e+10i


kh =

      2.493614833341419e+07 - 3.094930809040804e+08i

           <strong>lo</strong>                         <strong>so</strong>                                  <strong>kh</strong>                
    <strong>________________</strong>    <strong>_______________________________</strong>    <strong>_________________________________</strong>

    45.9957515470562    1146781568.52-14233190949.1282i    24936148.3334142-309493080.90408i


