reducciones(45.994360,45.988721,454.341382,454.240357)

d =

  -0.101024999999993


lo =

  45.990969620856028


so =

      1.146781568520000e+09 - 1.423311504444818e+10i


kh =

      2.493614833341419e+07 - 3.094914303976443e+08i

          <strong>lo</strong>                         <strong>so</strong>                                   <strong>kh</strong>                
    <strong>_______________</strong>    <strong>_______________________________</strong>    <strong>__________________________________</strong>

    45.990969620856    1146781568.52-14233115044.4482i    24936148.3334142-309491430.397644i


ans =

  45.990969620856028

reducciones(43.992236,43.984473,454.240357,453.9005)

d =

  -0.339856999999995


lo =

  43.987788147875975


so =

      1.146781568520000e+09 - 1.420060310403519e+10i


kh =

      2.607241806716656e+07 - 3.228549107325939e+08i

          <strong>lo</strong>                         <strong>so</strong>                                   <strong>kh</strong>                
    <strong>_______________</strong>    <strong>_______________________________</strong>    <strong>__________________________________</strong>

    43.987788147876    1146781568.52-14200603104.0352i    26072418.0671666-322854910.732594i


ans =

  43.987788147875975

reducciones(38.381401,38.362811,453.9005,454.387812)

d =

   0.487311999999974


lo =

  38.375571757651436


so =

      1.146781568520000e+09 - 1.410095600078448e+10i


kh =

      2.989305367951269e+07 - 3.675683724215226e+08i

           <strong>lo</strong>                         <strong>so</strong>                                   <strong>kh</strong>                
    <strong>________________</strong>    <strong>_______________________________</strong>    <strong>__________________________________</strong>

    38.3755717576514    1146781568.52-14100956000.7845i    29893053.6795127-367568372.421523i


ans =

  38.375571757651436

reducciones(7.495425,7.490853,454.387812,453.597724)

d =

  -0.790087999999969


lo =

   7.453136240254773


so =

      1.146781568520000e+09 - 1.290453749340034e+10i


kh =

      1.530909188205936e+08 - 1.722706011371514e+09i

           <strong>lo</strong>                         <strong>so</strong>                                   <strong>kh</strong>                
    <strong>________________</strong>    <strong>_______________________________</strong>    <strong>__________________________________</strong>

    7.45313624025477    1146781568.52-12904537493.4003i    153090918.820594-1722706011.37151i


ans =

   7.453136240254773

reducciones(6.715402,6.631856,453.597724,454.415879)

d =

   0.818154999999990


lo =

   6.664901739827962


so =

      1.146781568520000e+09 - 1.282293117496017e+10i


kh =

      1.729201551601844e+08 - 1.933535826917860e+09i

           <strong>lo</strong>                         <strong>so</strong>                                   <strong>kh</strong>                
    <strong>________________</strong>    <strong>_______________________________</strong>    <strong>__________________________________</strong>

    6.66490173982796    1146781568.52-12822931174.9602i    172920155.160184-1933535826.91786i


ans =

   6.664901739827962

reducciones(5.895032,5.890069,454.415879,454.410843)

d =

  -0.005036000000018


lo =

   5.894609414832044


so =

      1.146781568520000e+09 - 1.273326697333659e+10i


kh =

      1.946974761280386e+08 - 2.161819661762297e+09i

           <strong>lo</strong>                         <strong>so</strong>                                  <strong>kh</strong>                
    <strong>________________</strong>    <strong>_______________________________</strong>    <strong>_________________________________</strong>

    5.89460941483204    1146781568.52-12733266973.3366i    194697476.128039-2161819661.7623i


ans =

   5.894609414832044

reducciones(7.392120,7.384248,454.410843,454.450244)

d =

   0.039400999999998


lo =

   7.391487773771866


so =

      1.146781568520000e+09 - 1.289847367208581e+10i


kh =

      1.553010636316657e+08 - 1.746755210833359e+09i

           <strong>lo</strong>                         <strong>so</strong>                                   <strong>kh</strong>                
    <strong>________________</strong>    <strong>_______________________________</strong>    <strong>__________________________________</strong>

    7.39148777377187    1146781568.52-12898473672.0858i    155301063.631666-1746755210.83336i


ans =

   7.391487773771866

reducciones(11.125181,11.050862,454.450244,454.446305)

d =

  -0.003939000000003


lo =

  11.124386792791979


so =

      1.146781568520000e+09 - 1.319693155158430e+10i


kh =

      1.037730421862113e+08 - 1.194199289755342e+09i

          <strong>lo</strong>                         <strong>so</strong>                                   <strong>kh</strong>                
    <strong>_______________</strong>    <strong>_______________________________</strong>    <strong>__________________________________</strong>

    11.124386792792    1146781568.52-13196931551.5843i    103773042.186211-1194199289.75534i


ans =

  11.124386792791979

reducciones(11.427083,11.354628,454.446305,454.23374)

d =

  -0.212564999999984


lo =

  11.424291068598235


so =

      1.146781568520000e+09 - 1.321635283870781e+10i


kh =

      1.009968418621905e+08 - 1.163961764199391e+09i

           <strong>lo</strong>                         <strong>so</strong>                                  <strong>kh</strong>                
    <strong>________________</strong>    <strong>_______________________________</strong>    <strong>_________________________________</strong>

    11.4242910685982    1146781568.52-13216352838.7078i    100996841.86219-1163961764.19939i


ans =

  11.424291068598235

reducciones(13.606477,13.513592,454.23374,454.507345)

d =

   0.273604999999975


lo =

  13.602755709650824


so =

      1.146781568520000e+09 - 1.334377125262864e+10i


kh =

      8.486134319579872e+07 - 9.874333376816945e+08i

           <strong>lo</strong>                         <strong>so</strong>                                   <strong>kh</strong>                
    <strong>________________</strong>    <strong>_______________________________</strong>    <strong>__________________________________</strong>

    13.6027557096508    1146781568.52-13343771252.6286i    84861343.1957987-987433337.681695i


ans =

  13.602755709650824

reducciones(8.939322,8.879054,454.507345,454.808487)

d =

   0.301142000000027


lo =

   8.933610688961661


so =

      1.146781568520000e+09 - 1.303681463976288e+10i


kh =

      1.291558276951576e+08 - 1.468266173374200e+09i

           <strong>lo</strong>                         <strong>so</strong>                                  <strong>kh</strong>                
    <strong>________________</strong>    <strong>_______________________________</strong>    <strong>_________________________________</strong>

    8.93361068896166    1146781568.52-13036814639.7629i    129155827.695158-1468266173.3742i


ans =

   8.933610688961661

reducciones(1.778978,1.758201,454.808487,454.822677)

d =

   0.014189999999985


lo =

   1.778794420766309


so =

      1.146781568520000e+09 - 1.185857573402064e+10i


kh =

      6.522471369996946e+08 - 6.744721299794870e+09i

           <strong>lo</strong>                         <strong>so</strong>                                   <strong>kh</strong>                
    <strong>________________</strong>    <strong>_______________________________</strong>    <strong>__________________________________</strong>

    1.77879442076631    1146781568.52-11858575734.0206i    652247136.999695-6744721299.79487i


ans =

   1.778794420766309

reducciones(1.679887,1.660012,454.822677,454.832249)

d =

   0.009571999999991


lo =

   1.679739812210974


so =

      1.146781568520000e+09 - 1.181674531442703e+10i


