taquimetria(100,1.460,1.230,1,[191 53 55],[90 53 50],1.415)
Los valor de az y av están en DMS: (1) Sí y (2) No: 
1

sw =

     1


dms =

   191    53    55
    90    53    50


angleInDegrees =

   1.0e+02 *

   1.918986111111111
   0.908972222222222

El valor de la DH es 45.988721: 
El valor de la DI es -0.720307: 
El valor de la V es -0.720218: 
El valor de la DV es -0.535218: 
El valor de la Elevación es 441.339782: 
Ingrese el valor de la coordenada anterior: 
{Operation terminated by user during <a href="matlab:matlab.internal.language.introspective.errorDocCallback('taquimetria', 'C:\Users\Usuario\Desktop\FOLDER''S\UNIVERSIDAD\IV SEMESTRE\GEODESIA\I PARCIAL\PROGRAMAS_GEODESIA\I PARCIAL\taquimetria.m', 25)" style="font-weight:bold">taquimetria</a>
(<a href="matlab: opentoline('C:\Users\Usuario\Desktop\FOLDER''S\UNIVERSIDAD\IV SEMESTRE\GEODESIA\I PARCIAL\PROGRAMAS_GEODESIA\I PARCIAL\taquimetria.m',25,0)">line 25</a>)
} 
clc
taquimetria(100,1.460,1.230,1,[191 53 55],[90 53 50],1.415)
Los valor de az y av están en DMS: (1) Sí y (2) No: 
1

sw =

     1


dms =

   191    53    55
    90    53    50


angleInDegrees =

   1.0e+02 *

   1.918986111111111
   0.908972222222222

El valor de la DH es 45.988721: 
El valor de la DI es -0.720307: 
El valor de la V es -0.720218: 
El valor de la DV es -0.535218: 
El valor de la Elevación es 441.339782: 
Ingrese el valor de la coordenada anterior: 
221652.208

E =

     2.216522080000000e+05

El valor de la E1 es 221642.726024: 
Ingrese el valor de la coordenada anterior: 
9.736604905999999e+06

N =

     9.736604905999999e+06


N1 =

     9.736559905393591e+06

El valor de la E1 es 9736559.905394: 
           <strong>E1</strong>                  <strong>N1</strong>                  <strong>DH</strong>                   <strong>V</strong>                     <strong>DV</strong>                    <strong>DI</strong>                 <strong>Elev1</strong>      
    <strong>________________</strong>    <strong>________________</strong>    <strong>________________</strong>    <strong>__________________</strong>    <strong>__________________</strong>    <strong>__________________</strong>    <strong>________________</strong>

    221642.726024126    9736559.90539359    45.9887208308271    -0.720218412912113    -0.535218412912112    -0.720306727689582    441.339781587088


ans =

     2.216427260241263e+05

clc
taquimetria(100,1.460,1.230,1,[191 53 55],[90 53 50],1.415)
Los valor de az y av están en DMS: (1) Sí y (2) No: 
1

sw =

     1


dms =

   191    53    55
    90    53    50


angleInDegrees =

   1.0e+02 *

   1.918986111111111
   0.908972222222222

El valor de la DH es 45.988721: 
El valor de la DI es 46.000000: 
El valor de la V es -0.720218: 
El valor de la DV es -0.535218: 
El valor de la Elevación es 441.339782: 
Ingrese el valor de la coordenada anterior: 
221652.208

E =

     2.216522080000000e+05

El valor de la E1 es 221642.726024: 
Ingrese el valor de la coordenada anterior: 
9736479.58944285

N =

     9.736479589442849e+06


N1 =

     9.736434588836441e+06

El valor de la E1 es 9736434.588836: 
           <strong>E1</strong>                  <strong>N1</strong>                  <strong>DH</strong>                   <strong>V</strong>                     <strong>DV</strong>            <strong>DI</strong>         <strong>Elev1</strong>      
    <strong>________________</strong>    <strong>________________</strong>    <strong>________________</strong>    <strong>__________________</strong>    <strong>__________________</strong>    <strong>__</strong>    <strong>________________</strong>

    221642.726024126    9736434.58883644    45.9887208308271    -0.720218412912113    -0.535218412912112    46    441.339781587088


ans =

     2.216427260241263e+05

clc
taquimetria(100,1.460,1.230,1,[191 53 55],[90 53 50],1.415)
Los valor de az y av están en DMS: (1) Sí y (2) No: 
1

sw =

     1


dms =

   191    53    55
    90    53    50


angleInDegrees =

   1.0e+02 *

   1.918986111111111
   0.908972222222222

El valor de la DH es 45.988721: 
El valor de la V es -0.720218: 
El valor de la DI es 45.994360: 
El valor de la DV es -0.535218: 
El valor de la Elevación es 441.339782: 
Ingrese el valor de la coordenada anterior: 
221641.759424372

E =

     2.216417594243720e+05

El valor de la E1 es 221632.277448: 
Ingrese el valor de la coordenada anterior: 
9736479.58944285

N =

     9.736479589442849e+06


N1 =

     9.736434588836441e+06

El valor de la E1 es 9736434.588836: 
           <strong>E1</strong>                  <strong>N1</strong>                  <strong>DH</strong>                   <strong>V</strong>                     <strong>DV</strong>                   <strong>DI</strong>                <strong>Elev1</strong>      
    <strong>________________</strong>    <strong>________________</strong>    <strong>________________</strong>    <strong>__________________</strong>    <strong>__________________</strong>    <strong>________________</strong>    <strong>________________</strong>

    221632.277448498    9736434.58883644    45.9887208308271    -0.720218412912113    -0.535218412912112    45.9943600696656    441.339781587088


ans =

     2.216322774484983e+05

taquimetria(100,1.440,1.220,1,[192 34 5],[91 4 35],1.415)
Los valor de az y av están en DMS: (1) Sí y (2) No: 
1

sw =

     1


dms =

   192    34     5
    91     4    35


angleInDegrees =

   1.0e+02 *

   1.925680555555556
   0.910763888888889

El valor de la DH es 43.984473: 
El valor de la V es -0.826413: 
El valor de la DI es 43.992236: 
El valor de la DV es -0.631413: 
El valor de la Elevación es 441.243587: 
Ingrese el valor de la coordenada anterior: 
221642.726024126

E =

     2.216427260241260e+05

El valor de la E1 es 221633.155042: 
Ingrese el valor de la coordenada anterior: 
9736559.90539359

N =

     9.736559905393589e+06


N1 =

     9.736516974866537e+06

El valor de la E1 es 9736516.974867: 
           <strong>E1</strong>                  <strong>N1</strong>                  <strong>DH</strong>                   <strong>V</strong>                     <strong>DV</strong>                   <strong>DI</strong>                <strong>Elev1</strong>     
    <strong>________________</strong>    <strong>________________</strong>    <strong>________________</strong>    <strong>__________________</strong>    <strong>__________________</strong>    <strong>________________</strong>    <strong>_______________</strong>

    221633.155042485    9736516.97486654    43.9844727433746    -0.826412848290259    -0.631412848290259    43.9922356866354    441.24358715171


ans =

     2.216331550424847e+05

taquimetria(100,1.384,1.192,1,[167 2 20],[91 47 0],1.415)
Los valor de az y av están en DMS: (1) Sí y (2) No: 
1

sw =

     1


dms =

   167     2    20
    91    47     0


angleInDegrees =

   1.0e+02 *

   1.670388888888889
   0.917833333333333

El valor de la DH es 38.362811: 
El valor de la V es -1.194430: 
El valor de la DI es 38.381401: 
El valor de la DV es -0.971430: 
El valor de la Elevación es 440.903570: 
Ingrese el valor de la coordenada anterior: 
 221633.155042485

E =

     2.216331550424850e+05

El valor de la E1 es 221641.759424: 
Ingrese el valor de la coordenada anterior: 
9736516.97486654

N =

     9.736516974866539e+06


